11111111111111111111111111111
1400000000000000T000000000041
10111111011111111111111111101
10000041000000000000000400001
10111101011111111111010111101
10000101011111111111010100001
10110101011111111111010101101
10000100000000T00000000100001
10110101010111211101010101101
100000010101g333g101010101101
101100010101g333g101010000001
10110101010111111101010101101
10000000000B0000000000S000001
10111111011111011111011111101
10111111000000000000011111101
10111111011111111111011111101
10111111011111111111011111101
10111111011111111111011111101
14000000G00000p00000000000041
11111111111111111111111111111
