11111111111111111111111111111
1400000000000000T000000000041
10111111011111111111111111101
100000410000000G0000000400001
10111101011111111111010111101
10111101011111111111010111101
10111101011111111111010111101
1000S000000000400000000000001
10111101110111211101110111101
101111011101g333g101110111101
101111011101g333g101110111101
10111101110111111101110111101
10000000000004000000000000001
10111111011111111111011111101
10111111011111111111011111101
10111111011111111111011111101
10111111011111111111011111101
10111111011111111111011111101
14000000000000p00S00000000041
11111111111111111111111111111
